camera_name: "hikrobot"
exposure_ms: 2
gamma: 12
# vid_pid: "2bdf:0001"
user_id: R


pattern_cols: 11
pattern_rows: 8
center_distance_mm: 30
pattern_type: "chessboard"  # "chessboard" 或 "circles"

R_gimbal2imubody: [1, 0, 0, 0, 1, 0,  0, 0, 1]


com_port: "/dev/ttyRVright"

# 重投影误差: 0.1849px
camera_matrix: [2383.3681559952665, 0, 774.8338738671373, 0, 2387.5057839956175, 555.78346643326233, 0, 0, 1]
distort_coeffs: [-0.035785554965348812, 0.16596820153709058, -0.00077060838768365644, 0.0016891085752592772, 0]


# 相机同理想情况的偏角: yaw43.94 pitch-59.53 roll135.51 degree
R_camera2gimbal: [0.059877377066425597, 0.92901190619470908, 0.36517335316821525, 0.93278805216464877, 0.078181060847750006, -0.35184395896988324, -0.35541686714972542, 0.36169683420399656, -0.86188992955729615]
t_camera2gimbal: [-0.06485337091829281, 0.025540551220232601, -0.032906950591694246]


# 相机同理想情况的偏角: yaw38.91 pitch-71.31 roll143.57 degree
# 标定板到世界坐标系原点的水平距离: 2.95 m
# 标定板同竖直摆放时的偏角: yaw-72.86 pitch-10.56 roll94.06 degree
R_camera2gimbal: [0.0674975841080835, 0.9660242443012298, 0.24948193433956323, 0.97937735613873045, -0.016425287129252886, -0.20137081274462615, -0.19043127480086317, 0.2579290006280015, -0.94721093754915986]
t_camera2gimbal: [-0.07226910776254919, 0.036112438547954297, -0.028686859605232057]


