camera_name: "hikrobot"
exposure_ms: 2
gamma: 12
# vid_pid: "2bdf:0001"
user_id: R


pattern_cols: 11
pattern_rows: 8
center_distance_mm: 30
pattern_type: "chessboard"  # "chessboard" 或 "circles"

R_gimbal2imubody: [1, 0, 0, 0, 1, 0,  0, 0, 1]


com_port: "/dev/ttyRVright"

# 重投影误差: 0.3888px
camera_matrix: [2399.7098181220094, 0, 760.71370153442524, 0, 2399.4973550703749, 555.50886740219369, 0, 0, 1]
distort_coeffs: [-0.0010949629648788792, -0.061549359333063908, -0.0013263614485324367, 0.0015852740861240721, 0]

# 相机同理想情况的偏角: yaw171.37 pitch6.80 roll-84.72 degree
R_camera2gimbal: [0.10269347572904697, -0.16047780025505143, -0.98168270111476819, 0.1088341422738955, 0.98278816530938662, -0.14927341224516538, 0.98874120957821565, -0.091511189223555792, 0.11839139634575413]
t_camera2gimbal: [4.3153516811674351, 11.796762863921176, 199.06227227645272]


# 相机同理想情况的偏角: yaw-89.24 pitch-18.02 roll-57.52 degree
# 标定板到世界坐标系原点的水平距离: 3.14 m
# 标定板同竖直摆放时的偏角: yaw91.45 pitch14.88 roll-57.02 degree
R_camera2gimbal: [0.54059921978138858, 0.84118296946728222, 0.012794352268070465, 0.25365315327279064, -0.17747686726503833, 0.95087435522289609, 0.80213001527590533, -0.51079660674674943, -0.30931256865747042]
t_camera2gimbal: [-2.8877674491119931, -1.2216178639769495, 2.9521132001129726]

